25
109 90 0,0
58 0 819.854,0
1 0 0,945.816
2 0 1147.22,379.073
170 90 841.292,0
179 90 1765.72,0
96 90 945.033,931.723
208 90 1952.6,0
239 90 1140.77,1145.22
18 0 1149.22,939.542
15 0 1012.42,86.518
146 0 1572.87,940.307
230 90 1763.99,358.313
89 90 1761.77,790.182
66 0 1952.6,761.265
163 0 0,1123.6
172 90 1952.6,972.924
98 90 1851.29,1145.22
118 90 819.854,176.628
16 0 950.654,193.135
51 180 1764.22,541.719
33 90 1180.95,45.303
177 90 819.854,0
124 0 1378.22,933.957
173 90 1149.22,996.623
