2000 1200
46
-2938.753,-1728.684 -2939.315,-1728.959 -2942.539,-1731.200 -2944.001,-1735.558 -2944.001,-1961.478 -2942.874,-1965.386 -2937.374,-1968.828 -2930.911,-1966.473 -2922.745,-1948.166 -2914.400,-1906.881 -2900.885,-1867.574 -2893.892,-1812.787 -2890.026,-1798.854 -2884.859,-1798.211 -2881.104,-1793.025 -2880.984,-1768.271 -2873.508,-1762.762 -2354.274,-1762.381 -2333.285,-1760.897 -2312.579,-1754.642 -2289.780,-1741.117 -2288.091,-1732.579 -2291.057,-1729.229 -2294.944,-1728.104 -2938.753,-1728.684 -2938.753,-1728.684
-2263.752,-1778.955 -2264.427,-1779.201 -2269.414,-1781.399 -2273.944,-1789.236 -2278.170,-1811.438 -2279.193,-1872.011 -2274.508,-1895.102 -2264.231,-1916.652 -2243.427,-1941.465 -2201.467,-1965.462 -2178.832,-1968.772 -2115.530,-1968.743 -2112.257,-1965.817 -2111.143,-1961.949 -2111.866,-1866.606 -2114.850,-1863.317 -2119.417,-1862.225 -2178.700,-1862.244 -2179.784,-1860.995 -2179.794,-1826.967 -2177.508,-1824.432 -2137.519,-1824.263 -2131.458,-1820.426 -2129.616,-1812.512 -2129.695,-1786.160 -2131.693,-1781.188 -2137.111,-1778.775 -2263.754,-1778.955 -2263.752,-1778.955
-2057.079,-1781.579 -2061.166,-1783.836 -2078.417,-1810.993 -2083.653,-1824.281 -2093.668,-1836.316 -2099.491,-1852.440 -2102.216,-1874.583 -2090.048,-1899.681 -2063.706,-1921.031 -2053.970,-1924.518 -2028.284,-1939.006 -2014.295,-1944.031 -2004.657,-1950.108 -1984.104,-1954.784 -1942.337,-1968.161 -1791.244,-1968.772 -1785.299,-1965.703 -1783.854,-1961.337 -1784.063,-1868.707 -1786.608,-1864.727 -1791.307,-1862.814 -1835.985,-1862.558 -1827.126,-1789.731 -1828.330,-1784.842 -1831.606,-1782.024 -2056.959,-1781.513 -2057.079,-1781.579 -2057.079,-1781.579
-1767.667,-1706.639 -1773.366,-1709.772 -1774.919,-1714.820 -1763.470,-1826.760 -1760.798,-1878.242 -1756.506,-1903.494 -1751.815,-1917.395 -1744.135,-1930.460 -1736.480,-1939.512 -1720.153,-1953.773 -1698.634,-1964.848 -1677.481,-1968.685 -1677.139,-1968.793 -1660.047,-1967.092 -1642.482,-1959.387 -1625.987,-1947.836 -1578.601,-1903.648 -1562.284,-1892.651 -1545.059,-1884.092 -1516.254,-1876.911 -1481.393,-1876.623 -1452.767,-1881.208 -1252.412,-1935.001 -1246.940,-1934.339 -1243.093,-1928.278 -1242.964,-1714.103 -1244.069,-1711.288 -1246.173,-1708.338 -1250.382,-1706.694 -1330.154,-1706.673 -1335.610,-1709.100 -1337.488,-1715.307 -1335.634,-1719.193 -1292.306,-1770.369 -1283.484,-1778.540 -1285.723,-1778.540 -1376.668,-1774.872 -1451.770,-1769.713 -1465.560,-1762.823 -1485.745,-1758.077 -1526.234,-1744.702 -1592.179,-1730.579 -1579.040,-1718.167 -1577.876,-1713.822 -1579.728,-1709.145 -1585.234,-1706.575 -1767.548,-1706.575 -1767.667,-1706.641 -1767.667,-1706.639
-791.955,-1753.637 -805.827,-1755.267 -819.987,-1761.056 -854.590,-1785.149 -876.375,-1797.759 -895.984,-1804.672 -917.100,-1808.797 -938.267,-1809.983 -968.360,-1808.234 -1084.277,-1793.086 -1125.568,-1785.969 -1167.409,-1775.150 -1224.255,-1753.682 -1229.864,-1754.338 -1233.404,-1757.563 -1234.028,-1762.564 -1213.529,-1884.754 -1208.853,-1890.297 -1153.714,-1891.479 -1139.514,-1898.734 -1118.527,-1905.460 -1096.641,-1915.287 -1085.412,-1917.874 -1063.946,-1928.698 -1042.552,-1934.749 -997.838,-1956.911 -977.086,-1964.224 -969.326,-1968.796 -675.546,-1920.375 -672.220,-1918.991 -669.434,-1914.837 -669.381,-1910.966 -684.126,-1863.719 -693.892,-1841.283 -706.444,-1819.082 -723.462,-1795.634 -744.856,-1775.084 -762.988,-1762.384 -780.443,-1755.338 -791.883,-1753.629 -791.955,-1753.639 -791.955,-1753.637
-654.292,-1802.725 -654.885,-1802.995 -659.068,-1805.559 -660.452,-1811.427 -651.884,-1860.420 -645.185,-1934.257 -642.296,-1943.391 -631.083,-1956.982 -621.314,-1962.787 -603.489,-1968.722 -577.563,-1968.772 -558.500,-1964.359 -535.796,-1954.884 -484.358,-1921.954 -462.377,-1910.741 -444.755,-1904.177 -426.182,-1900.081 -394.162,-1899.433 -324.100,-1910.863 -279.409,-1911.553 -235.674,-1905.081 -144.260,-1885.841 -139.815,-1883.023 -138.228,-1878.552 -138.757,-1807.278 -141.376,-1803.939 -145.689,-1802.524 -654.292,-1802.725 -654.292,-1802.725
-59.038,-1845.265 -125.501,-1846.127 -129.338,-1853.967 -120.739,-1876.718 -106.425,-1897.784 -98.223,-1918.070 -82.903,-1937.678 -65.705,-1965.695 -60.784,-1968.796 -54.831,-1967.907 -51.682,-1961.565 -52.397,-1849.442 -58.879,-1845.262 -59.038,-1845.262 -59.038,-1845.265
72.063,-1906.365 -37.977,-1906.854 -41.575,-1909.789 -42.739,-1914.091 -42.316,-1963.830 -38.744,-1968.026 -33.876,-1968.793 -22.816,-1963.237 8.299,-1954.064 29.333,-1942.200 49.865,-1935.419 77.037,-1919.255 79.445,-1915.551 79.128,-1911.268 76.508,-1907.802 72.143,-1906.365 72.063,-1906.365 72.063,-1906.365
95.638,-1876.843 90.743,-1878.809 88.362,-1885.201 88.679,-1963.732 93.362,-1968.796 99.897,-1968.113 146.517,-1932.654 162.101,-1923.351 202.582,-1890.463 205.307,-1886.886 205.202,-1882.507 202.609,-1878.324 197.635,-1876.803 95.717,-1876.803 95.638,-1876.843 95.638,-1876.843
316.829,-1920.644 218.986,-1921.004 215.653,-1923.645 214.250,-1927.846 214.330,-1963.081 218.325,-1968.407 224.966,-1968.777 253.726,-1957.300 285.688,-1949.807 319.343,-1934.593 322.253,-1931.535 322.862,-1927.127 321.221,-1923.076 316.988,-1920.644 316.829,-1920.644 316.829,-1920.644
1488.854,-1681.159 1471.312,-1688.867 1438.610,-1715.013 1402.150,-1737.561 1358.732,-1779.002 1340.634,-1790.207 1327.458,-1805.738 1310.128,-1817.986 1271.975,-1860.248 1260.651,-1860.423 1243.241,-1852.313 1221.519,-1846.535 1183.578,-1828.794 1161.088,-1824.934 1141.853,-1815.436 1119.363,-1811.551 1080.390,-1796.674 1057.821,-1791.972 1037.131,-1784.707 1014.112,-1781.537 993.210,-1774.251 969.080,-1772.160 925.292,-1762.416 899.495,-1761.617 878.831,-1754.867 827.766,-1752.772 780.009,-1747.713 725.531,-1749.583 699.628,-1748.792 614.168,-1756.370 541.831,-1768.641 516.643,-1774.957 495.820,-1782.945 472.325,-1788.244 463.858,-1788.416 461.054,-1778.330 463.752,-1755.240 462.324,-1726.361 457.323,-1707.972 445.999,-1687.737 436.447,-1681.096 430.759,-1683.691 333.181,-1800.333 331.752,-1805.781 334.239,-1810.422 394.035,-1861.359 375.646,-1883.637 373.953,-1891.649 377.313,-1897.636 408.216,-1923.518 412.026,-1925.171 420.149,-1924.573 464.864,-1901.917 512.965,-1883.277 555.695,-1870.810 591.864,-1862.701 647.347,-1854.208 693.622,-1850.361 754.212,-1848.794 796.201,-1850.212 847.742,-1854.253 896.531,-1860.314 945.612,-1868.548 1013.027,-1883.383 1074.464,-1900.187 1133.624,-1919.234 1262.080,-1968.828 1266.525,-1966.274 1495.284,-1693.351 1496.950,-1687.909 1495.098,-1683.710 1489.066,-1681.064 1488.854,-1681.159 1488.854,-1681.159
2676.833,-1778.015 2636.643,-1781.333 2576.847,-1781.333 2554.410,-1784.432 2532.291,-1796.261 2515.517,-1810.255 2497.181,-1831.564 2484.111,-1853.797 2479.375,-1875.488 2480.036,-1935.786 2484.455,-1958.345 2492.128,-1967.801 2624.869,-1968.034 2628.150,-1965.094 2629.261,-1961.089 2629.261,-1934.614 2626.139,-1926.603 2617.937,-1923.184 2581.530,-1923.123 2579.255,-1920.872 2579.070,-1887.508 2581.186,-1886.132 2668.181,-1886.121 2679.849,-1882.713 2728.665,-1884.057 2728.718,-1961.400 2731.893,-1967.097 2736.153,-1968.772 2824.048,-1968.652 2829.604,-1965.671 2831.085,-1961.289 2831.059,-1875.474 2825.979,-1852.466 2814.523,-1831.281 2802.167,-1814.173 2780.868,-1795.821 2758.617,-1782.754 2736.947,-1778.015 2676.834,-1778.015 2676.833,-1778.015
-2802.324,-947.285 -2928.557,-947.602 -2934.722,-949.878 -2938.696,-957.180 -2943.131,-980.093 -2944.003,-1040.550 -2939.258,-1063.622 -2929.011,-1085.027 -2908.327,-1109.712 -2865.716,-1133.842 -2843.248,-1137.070 -2822.822,-1137.679 -2454.795,-1136.753 -2448.315,-1132.546 -2447.701,-1036.740 -2449.172,-1032.401 -2452.541,-1029.782 -2843.481,-1030.364 -2844.672,-1028.591 -2844.465,-994.142 -2843.052,-992.819 -2802.432,-992.581 -2795.771,-987.819 -2794.810,-954.587 -2797.219,-949.243 -2802.223,-947.285 -2802.324,-947.285 -2802.324,-947.285
-2370.401,-951.624 -2374.534,-951.941 -2434.597,-976.098 -2438.817,-980.543 -2436.793,-988.533 -2405.812,-1014.489 -2361.950,-1046.027 -2308.750,-1077.222 -2280.368,-1090.821 -2246.615,-1104.553 -2198.985,-1119.925 -2148.190,-1130.958 -2100.761,-1136.541 -2066.958,-1137.679 -2039.386,-1136.462 -2031.991,-1134.610 -2015.028,-1120.851 -1985.675,-1091.430 -1956.211,-1056.028 -1937.778,-1029.967 -1936.979,-1024.728 -1963.855,-957.630 -1970.359,-951.703 -1977.693,-955.169 -1992.020,-978.691 -2020.637,-1017.664 -2051.350,-1050.552 -2063.815,-1060.130 -2072.776,-1061.003 -2112.297,-1060.315 -2142.356,-1056.637 -2184.489,-1047.668 -2220.567,-1036.502 -2259.704,-1020.442 -2288.166,-1006.207 -2327.551,-981.733 -2370.213,-951.624 -2370.401,-951.624 -2370.401,-951.624
-1920.770,-947.126 -1925.083,-948.793 -1927.591,-951.836 -1928.052,-1047.059 -1927.364,-1050.155 -1923.326,-1054.018 -1442.785,-1054.600 -1441.142,-1056.161 -1441.361,-1130.297 -1438.948,-1135.695 -1433.932,-1137.705 -1327.342,-1137.679 -1327.270,-1137.838 -1327.034,-1137.759 -1321.301,-1136.225 -1318.644,-1132.996 -1310.466,-1086.986 -1300.991,-1057.088 -1298.486,-1054.310 -967.913,-1053.833 -964.637,-1051.002 -963.484,-1047.033 -963.484,-954.509 -965.439,-949.561 -970.876,-947.100 -1282.280,-947.126 -1302.608,-948.529 -1324.857,-952.180 -1346.460,-965.197 -1363.896,-978.294 -1378.961,-973.690 -1419.509,-951.095 -1442.062,-947.761 -1920.680,-947.100 -1920.770,-947.126 -1920.770,-947.126
-947.223,-947.047 -951.533,-948.687 -954.052,-951.730 -954.541,-1047.006 -952.761,-1051.583 -947.149,-1054.415 -797.225,-1054.361 -801.210,-1085.291 -810.230,-1129.927 -808.335,-1135.086 -804.472,-1137.441 -722.073,-1137.705 -716.482,-1135.033 -714.675,-1129.688 -723.063,-1088.625 -727.145,-1054.361 -523.720,-1054.467 -511.957,-1055.208 -525.173,-1129.635 -524.220,-1133.842 -520.643,-1136.991 -353.411,-1137.679 -347.293,-1135.932 -344.841,-1132.096 -336.927,-1086.905 -328.061,-1057.669 -324.910,-1054.229 5.653,-1053.700 8.907,-1050.842 10.045,-1046.900 10.045,-954.455 8.934,-950.539 2.690,-947.020 -310.024,-947.099 -351.238,-952.047 -392.915,-977.447 -405.441,-973.584 -446.099,-950.750 -467.991,-947.707 -947.130,-946.993 -947.223,-947.046 -947.223,-947.047
26.211,-947.179 21.396,-949.110 19.120,-952.867 18.988,-1047.509 20.787,-1052.113 24.518,-1054.415 503.890,-1054.891 505.795,-1056.267 505.715,-1131.726 508.599,-1136.277 512.965,-1137.705 625.730,-1136.330 628.614,-1131.779 632.636,-1103.362 637.954,-1080.714 645.521,-1057.563 648.723,-1054.335 979.055,-1054.071 982.362,-1051.107 983.447,-1046.874 983.182,-952.788 980.510,-948.925 976.039,-947.152 664.598,-947.205 622.132,-952.259 600.516,-965.277 583.080,-978.373 568.025,-973.770 548.366,-961.996 528.020,-952.365 485.422,-947.179 26.290,-947.152 26.211,-947.179 26.211,-947.179
1637.894,-947.523 1620.087,-949.639 1595.613,-952.576 1573.997,-965.594 1556.587,-978.691 1541.506,-974.087 1521.795,-962.260 1500.893,-952.444 1458.903,-947.496 999.772,-947.496 994.798,-949.745 992.655,-953.132 992.390,-1047.668 994.321,-1052.536 998.131,-1054.838 1477.398,-1055.129 1478.350,-1055.790 1479.091,-1130.694 1482.081,-1136.541 1597.148,-1137.705 1597.280,-1137.255 1602.096,-1132.361 1610.060,-1087.143 1619.267,-1057.616 1622.178,-1054.494 1952.589,-1054.309 1955.897,-1051.372 1957.008,-1047.324 1956.717,-953.106 1953.992,-949.031 1949.573,-947.496 1637.894,-947.522 1637.894,-947.523
1973.200,-315.618 1967.353,-318.635 1965.924,-323.318 1965.951,-1130.271 1969.047,-1136.250 1973.412,-1137.652 2007.306,-1137.652 2011.645,-1136.197 2014.158,-1133.022 2002.517,-1054.944 2217.094,-1054.865 2211.299,-1098.442 2205.108,-1128.789 2206.749,-1135.060 2212.305,-1137.653 2292.632,-1137.653 2297.739,-1135.589 2300.041,-1129.821 2289.934,-1077.063 2287.711,-1054.865 2502.897,-1054.786 2499.113,-1083.625 2490.170,-1129.848 2492.049,-1135.113 2498.531,-1137.706 2577.086,-1137.706 2583.039,-1135.536 2585.367,-1129.901 2577.880,-1091.563 2572.932,-1055.236 2758.802,-1054.680 2788.409,-1056.135 2784.916,-1081.932 2775.497,-1129.848 2778.196,-1135.642 2782.932,-1137.680 2861.513,-1137.653 2867.731,-1136.224 2870.853,-1129.874 2863.868,-1095.081 2857.968,-1054.573 2923.346,-1054.309 2929.140,-1051.240 2930.569,-1047.059 2930.437,-322.577 2928.188,-317.577 2923.161,-315.566 1973.307,-315.566 1973.201,-315.619 1973.200,-315.618
-2936.552,223.232 -2937.194,222.967 -2942.432,220.295 -2943.981,215.850 -2944.001,-14.681 -2942.220,-19.259 -2942.069,-70.138 -2940.140,-91.040 -2934.902,-114.323 -2930.344,-117.313 -2920.393,-133.929 -2911.943,-142.502 -2892.047,-154.646 -2873.996,-161.605 -2848.551,-164.144 -2723.345,-163.827 -2702.361,-160.890 -2689.296,-157.398 -2666.345,-146.232 -2649.888,-147.132 -2615.595,-162.398 -2604.170,-163.853 -2463.148,-163.139 -2424.233,-153.879 -2402.547,-136.152 -2385.945,-114.244 -2380.092,-90.035 -2380.563,-46.273 -2384.852,-26.297 -2396.949,-6.056 -2403.881,1.273 -2424.735,14.714 -2459.639,29.187 -2484.505,46.120 -2495.821,49.956 -2507.248,53.290 -2528.449,52.285 -2547.489,46.808 -2564.163,53.819 -2585.134,68.821 -2606.583,73.319 -2626.848,71.996 -2635.981,75.568 -2639.984,92.104 -2640.725,153.805 -2646.824,173.940 -2670.478,213.866 -2677.304,222.015 -2690.022,223.258 -2936.552,223.232 -2936.552,223.232
-2279.273,657.916 -2279.802,657.916 -2280.061,657.572 -2285.935,654.529 -2314.756,607.963 -2320.352,585.208 -2320.511,569.439 -2322.577,566.635 -2324.239,547.373 -2328.345,540.520 -2346.607,531.657 -2365.916,524.539 -2371.081,518.480 -2371.152,254.109 -2369.268,248.897 -2365.019,246.224 -2342.648,244.848 -2319.344,246.674 -2145.690,246.648 -2103.158,243.949 -2028.556,247.124 -1688.953,246.648 -1670.352,246.065 -1664.452,243.711 -1651.414,243.287 -1637.526,240.853 -1648.016,234.371 -1668.347,217.861 -1715.678,169.310 -1759.723,108.588 -1790.997,48.342 -1798.916,26.620 -1804.848,6.194 -1804.978,1.194 -1812.590,-13.332 -1819.826,-43.203 -1823.821,-75.139 -1824.292,-159.726 -1821.366,-163.033 -1817.501,-164.144 -1484.999,-164.118 -1480.514,-162.478 -1477.582,-156.710 -1477.582,650.587 -1480.665,656.567 -1485.192,657.969 -2279.273,657.916 -2279.273,657.916
-1345.685,551.580 -1366.825,548.590 -1414.789,534.276 -1452.130,518.666 -1453.958,514.538 -1468.661,383.411 -1465.251,378.489 -1459.147,378.119 -1413.993,402.223 -1384.812,413.679 -1361.071,419.606 -1324.188,396.852 -1297.875,375.817 -1269.491,347.930 -1247.316,321.974 -1213.740,271.757 -1188.888,222.623 -1165.740,159.732 -1150.992,99.566 -1145.594,64.932 -1160.101,65.540 -1167.256,61.148 -1171.894,32.335 -1171.738,27.202 -1169.518,23.339 -1160.173,20.482 -1162.446,-1.955 -1159.673,-7.167 -1153.201,-10.580 -1156.858,-50.956 -1153.410,-55.903 -1146.031,-59.078 -1155.252,-142.422 -1152.738,-146.021 -1149.031,-147.555 -1006.683,-164.144 -1002.764,-162.451 -1000.179,-157.715 -990.673,-76.647 -982.616,-75.377 -977.983,-69.133 -973.594,-32.647 -966.249,-29.868 -963.000,-26.614 -958.912,-3.490 -949.295,-2.511 -945.691,2.755 -942.437,30.642 -943.632,35.457 -950.414,40.961 -969.458,43.448 -953.774,90.808 -937.235,132.215 -926.879,154.652 -906.429,191.720 -874.412,238.154 -836.439,282.393 -788.579,327.345 -753.746,354.068 -715.228,378.860 -670.934,402.884 -614.750,426.379 -564.318,443.286 -562.228,447.440 -551.118,541.446 -552.009,547.611 -556.753,551.262 -597.412,544.013 -619.849,538.298 -678.562,519.486 -716.347,504.167 -768.034,478.581 -810.050,453.472 -860.156,417.674 -900.873,382.934 -932.520,351.714 -969.890,308.825 -1003.293,262.814 -1028.127,221.697 -1047.820,181.375 -1062.663,229.688 -1086.073,286.309 -1115.019,340.839 -1152.161,395.687 -1194.619,445.138 -1232.531,480.513 -1278.129,515.014 -1303.934,531.286 -1328.749,544.648 -1345.542,551.606 -1345.685,551.580 -1345.685,551.580
-491.158,97.687 -538.373,73.002 -541.709,69.271 -542.183,64.826 -541.995,64.429 -513.060,34.822 -457.805,-10.342 -393.474,-52.226 -369.013,-65.534 -325.685,-85.987 -286.235,-101.491 -232.869,-118.292 -171.803,-131.521 -129.840,-137.183 -99.202,-139.962 -54.646,-140.755 14.834,-135.728 81.694,-122.737 116.249,-112.075 163.001,-92.892 198.587,-159.408 202.080,-162.478 208.826,-164.171 237.666,-149.090 239.862,-143.163 237.137,-135.358 257.430,-124.378 259.600,-119.139 258.806,-112.022 292.382,-94.083 296.139,-87.309 295.292,-78.790 366.359,-41.590 370.116,-36.271 367.576,-27.937 303.918,93.930 298.626,97.714 292.461,96.311 221.262,59.111 217.002,64.456 208.191,65.408 175.171,48.369 169.007,53.343 162.683,53.660 143.607,43.844 138.606,50.327 132.282,52.126 105.480,38.394 102.146,34.028 101.353,26.805 126.171,-20.952 101.353,-33.467 51.796,-50.188 18.459,-57.332 -32.421,-64.158 -79.517,-66.143 -133.835,-62.941 -181.646,-56.009 -244.617,-40.505 -307.333,-17.645 -353.215,4.686 -397.607,30.880 -438.699,59.349 -484.440,97.714 -491.041,97.740 -491.158,97.687 -491.158,97.687
475.950,416.510 469.282,414.870 455.445,408.096 427.928,391.322 397.236,369.255 381.229,355.603 379.006,349.650 387.050,281.467 391.415,276.334 398.559,277.286 426.473,302.369 457.111,324.885 481.823,339.410 486.295,339.278 535.216,321.551 588.980,291.336 624.672,264.242 656.819,232.995 675.498,213.310 702.645,178.835 728.389,139.597 750.561,98.719 774.955,44.506 774.215,42.680 760.086,40.855 754.873,35.298 756.673,5.639 760.959,-2.484 770.907,-3.490 774.400,-26.455 777.892,-29.948 784.401,-31.482 789.507,-69.662 794.508,-75.721 802.551,-76.991 811.680,-157.556 814.167,-162.213 818.585,-164.144 1060.309,-136.919 1064.992,-134.432 1066.844,-128.717 1055.678,-29.366 1055.467,-4.574 1061.208,42.865 1078.538,97.502 1095.181,130.628 1107.219,150.736 1126.931,179.099 1158.019,213.760 1178.709,233.207 1208.316,257.760 1244.670,282.763 1281.500,304.671 1282.744,309.142 1271.340,410.160 1269.144,414.235 1264.567,416.510 632.848,345.073 591.282,371.637 550.192,392.618 516.193,406.085 476.082,416.537 475.950,416.510 475.950,416.510
2287.261,223.549 1298.566,223.470 1293.618,221.221 1291.660,217.332 1292.586,-13.941 1295.893,-17.195 1300.233,-17.803 1311.901,-10.660 1329.972,-10.131 1481.631,-10.104 1488.431,-10.289 1497.850,-13.147 1501.237,-31.668 1501.237,-89.664 1505.444,-112.921 1516.080,-133.876 1524.282,-142.475 1550.528,-156.921 1563.572,-160.864 1584.448,-163.721 1725.286,-163.827 1737.933,-162.187 1772.038,-145.386 1787.886,-143.110 1807.518,-155.069 1843.237,-162.689 1869.616,-164.039 1969.681,-164.144 1995.928,-161.181 2012.597,-155.096 2030.959,-144.750 2047.389,-147.793 2083.849,-162.610 2109.672,-164.012 2229.926,-164.092 2256.278,-162.160 2270.698,-156.260 2290.806,-142.502 2293.875,-136.548 2293.822,216.247 2291.494,221.592 2287.367,223.655 2287.261,223.549 2287.261,223.549
2309.856,193.228 2309.274,192.964 2304.273,190.291 2302.818,185.899 2302.818,-0.738 2305.252,-6.188 2312.952,-10.977 2340.865,-12.988 2500.938,-12.247 2525.994,-4.521 2535.810,-2.907 2538.244,-20.449 2538.959,-122.182 2545.097,-142.713 2550.653,-149.592 2557.056,-155.519 2578.885,-164.144 2743.297,-163.933 2764.595,-156.419 2777.163,-143.983 2785.233,-121.335 2785.604,139.835 2787.641,160.129 2787.641,185.952 2784.095,192.196 2780.153,193.334 2309.856,193.228 2309.856,193.228
2803.833,86.707 2803.039,86.469 2800.076,85.410 2796.584,79.457 2796.769,-156.736 2798.515,-161.605 2803.992,-164.144 2929.960,-164.144 2990.073,-162.107 3109.850,-161.896 3134.668,-154.302 3147.580,-140.597 3154.168,-117.842 3154.142,44.136 3144.326,66.731 3133.505,76.679 3111.676,85.199 3090.483,86.866 2803.834,86.707 2803.833,86.707
-2542.512,1444.284 -2563.181,1443.781 -2566.862,1440.897 -2576.408,1403.168 -2588.288,1372.820 -2604.856,1302.838 -2600.646,1284.264 -2595.175,1278.575 -2585.404,1257.356 -2581.909,1254.419 -2551.918,1243.836 -2538.080,1237.300 -2519.660,1233.596 -2500.102,1233.252 -2489.905,1230.210 -2441.759,1229.178 -2377.661,1233.147 -2367.122,1234.919 -2347.474,1241.269 -2288.536,1249.074 -2268.451,1249.180 -2261.128,1251.456 -2257.678,1249.101 -2264.932,1233.014 -2271.484,1195.364 -2293.100,1181.315 -2296.881,1177.028 -2313.439,1168.694 -2338.587,1150.623 -2354.047,1143.003 -2398.785,1110.671 -2412.882,1103.263 -2432.893,1089.557 -2491.924,1058.151 -2519.906,1051.087 -2568.785,1049.632 -2628.319,1055.135 -2647.539,1058.469 -2687.589,1069.899 -2723.404,1077.783 -2732.506,1093.129 -2732.685,1101.887 -2741.877,1128.795 -2743.010,1150.676 -2741.784,1168.562 -2728.744,1188.035 -2724.685,1197.692 -2722.455,1208.329 -2709.682,1228.014 -2702.965,1248.148 -2689.565,1267.542 -2677.034,1292.995 -2653.814,1326.571 -2643.768,1346.997 -2615.246,1386.314 -2607.549,1402.400 -2584.279,1432.272 -2582.866,1437.537 -2585.695,1442.644 -2590.240,1444.284 -2889.721,1444.152 -2895.392,1441.479 -2902.461,1420.286 -2914.346,1374.672 -2926.687,1315.749 -2937.622,1228.067 -2944.001,1145.860 -2943.471,1092.362 -2940.071,1071.883 -2933.288,1049.393 -2926.476,1034.259 -2916.474,1017.564 -2894.365,991.503 -2877.032,975.416 -2860.716,963.007 -2800.227,926.547 -2726.923,888.262 -2622.059,839.050 -2556.657,810.633 -2477.935,780.286 -2277.598,713.584 -2181.155,675.696 -2151.783,666.885 -2146.703,668.949 -2144.372,674.241 -2144.542,894.162 -2148.696,899.428 -2154.559,899.719 -2162.798,893.474 -2186.605,900.539 -2206.190,909.640 -2221.305,913.027 -2204.893,924.351 -2161.605,936.522 -2147.090,942.740 -2144.412,948.375 -2145.314,1200.947 -2162.518,1215.949 -2171.958,1234.602 -2184.796,1249.498 -2205.467,1265.690 -2222.078,1271.273 -2202.980,1301.753 -2189.690,1317.972 -2166.174,1286.751 -2157.318,1277.676 -2151.648,1275.506 -2146.447,1277.993 -2144.494,1282.915 -2144.513,1436.929 -2147.603,1442.908 -2151.937,1444.311 -2542.512,1444.284 -2542.512,1444.284
-1227.633,1110.115 -1232.677,1108.713 -1246.051,1094.373 -1269.162,1058.072 -1282.196,1041.324 -1291.120,1018.808 -1301.923,1000.313 -1307.861,971.791 -1308.810,960.017 -1306.241,922.605 -1309.744,916.176 -1336.295,909.773 -1355.867,902.338 -1369.498,899.824 -1398.300,891.040 -1417.173,883.473 -1440.385,877.467 -1477.474,863.894 -1500.297,858.523 -1537.794,844.288 -1559.995,839.526 -1598.138,824.789 -1619.870,820.820 -1658.325,805.448 -1679.661,802.034 -1700.050,794.018 -1754.064,780.735 -1799.536,777.296 -1835.879,788.144 -1842.197,791.901 -1876.495,820.476 -1925.242,911.572 -1944.895,960.282 -1961.953,996.344 -1971.129,1030.952 -1981.466,1056.193 -1984.154,1079.529 -1995.171,1108.501 -1999.381,1110.168 -2004.440,1108.792 -2132.982,1012.219 -2135.480,1005.737 -2120.608,976.077 -2098.933,938.242 -2073.676,898.687 -2027.532,835.319 -1939.151,727.925 -1915.061,704.906 -1884.575,685.724 -1865.843,678.130 -1830.926,669.769 -1798.927,667.229 -1769.762,666.912 -1709.101,670.484 -1666.464,675.431 -1600.169,685.909 -1492.619,708.081 -1452.498,718.479 -1365.328,745.784 -1198.839,807.485 -1077.030,845.135 -1045.764,858.470 -1042.253,863.920 -1043.605,869.318 -1222.188,1107.311 -1227.427,1110.168 -1227.633,1110.115 -1227.633,1110.115
-896.243,1096.913 -901.008,1095.987 -1028.556,1017.432 -1033.432,1010.341 -1022.650,987.587 -1001.923,951.207 -949.260,869.424 -889.520,786.609 -874.669,768.697 -854.187,747.901 -823.602,723.585 -759.657,686.147 -726.793,672.653 -705.925,667.970 -687.188,666.912 -656.959,669.452 -601.918,682.337 -435.992,733.375 -340.073,759.437 -285.997,771.052 -195.880,786.159 -167.490,794.309 -158.680,798.515 -147.065,806.876 -142.408,813.703 -139.207,822.037 -138.386,833.123 -143.149,847.622 -173.629,883.341 -176.883,894.850 -175.931,910.381 -172.862,920.515 -165.797,932.977 -154.103,948.058 -138.810,962.742 -104.837,986.290 -102.429,990.550 -103.303,995.815 -163.575,1093.605 -166.803,1096.436 -171.724,1096.913 -216.174,1084.557 -239.775,1081.990 -270.784,1071.433 -291.554,1061.353 -307.616,1046.853 -321.676,1027.856 -331.532,1003.806 -334.710,987.507 -335.943,961.684 -334.861,951.921 -331.397,941.973 -330.826,929.537 -343.930,922.102 -352.320,919.959 -463.189,871.170 -579.886,809.972 -627.617,801.638 -709.799,827.514 -748.174,849.607 -771.360,871.355 -788.184,884.320 -804.139,905.592 -818.588,928.770 -866.678,1029.947 -892.129,1095.166 -896.079,1096.939 -896.243,1096.913 -896.243,1096.913
-86.634,829.736 -87.269,829.472 -92.534,826.826 -93.513,820.026 -52.899,730.729 -28.955,688.025 -15.170,671.515 -2.258,666.885 5.150,669.055 15.866,677.627 26.581,699.879 59.152,820.158 58.199,826.297 52.034,829.763 -86.634,829.736 -86.634,829.736
541.937,1033.333 517.727,1031.560 490.661,1020.633 475.447,1010.156 452.613,988.275 379.245,903.740 290.450,807.432 275.475,794.150 261.399,793.039 246.000,794.150 232.242,797.166 215.706,803.728 205.228,810.633 194.221,820.688 180.278,843.548 174.351,861.063 164.456,908.609 155.486,939.988 143.765,966.923 132.679,985.205 115.772,1004.520 93.627,1023.253 80.874,1031.508 75.318,1033.333 70.052,1030.925 68.068,1025.210 97.913,724.670 100.136,720.146 109.131,711.441 125.932,699.694 149.136,687.734 178.426,678.130 198.719,673.712 233.036,668.896 269.601,666.912 303.600,667.203 360.062,672.653 396.945,678.633 436.368,687.443 525.136,712.155 587.657,733.507 673.779,767.189 768.791,809.363 806.996,829.657 838.535,851.538 850.997,864.000 859.913,877.520 861.633,893.501 855.653,905.460 845.520,913.874 834.063,919.986 814.616,927.685 758.895,944.142 703.491,963.483 659.491,983.248 593.319,1017.749 574.401,1025.978 553.922,1032.037 541.963,1033.333 541.937,1033.333
877.376,869.212 873.380,867.439 870.920,862.359 870.576,741.286 872.640,736.259 876.608,734.037 941.696,726.020 1002.471,716.071 1122.830,710.065 1293.406,711.150 1305.815,706.335 1326.982,692.656 1347.037,687.470 1372.649,677.469 1393.763,672.997 1413.924,670.801 1474.381,666.912 1541.109,670.828 1576.114,676.410 1614.981,686.888 1624.559,687.364 1681.841,686.491 1756.507,674.638 1761.560,676.622 1764.047,682.019 1764.471,862.518 1761.296,868.498 1753.649,869.186 1652.129,813.306 1598.762,790.895 1499.332,792.986 1493.987,794.018 1480.969,804.442 1295.550,821.005 1132.302,828.916 1067.214,835.822 982.468,848.601 877.534,869.292 877.376,869.212 877.376,869.212
1779.129,1290.085 1778.520,1289.794 1774.895,1287.465 1773.414,1283.126 1773.414,1104.559 1776.192,1098.897 1783.203,1097.495 1888.587,1132.208 1921.871,1139.325 1942.429,1141.045 1959.918,1140.119 1978.016,1136.547 1995.611,1129.853 2017.544,1115.883 2036.780,1097.627 2055.459,1071.513 2064.402,1054.738 2076.176,1023.253 2080.119,1008.436 2084.114,981.845 2085.410,950.810 2084.193,857.570 2086.971,824.656 2092.395,797.960 2098.507,779.413 2108.879,758.431 2121.129,740.439 2148.196,715.833 2166.531,704.430 2201.668,687.840 2238.233,676.648 2284.800,668.817 2308.613,666.912 2333.431,670.616 2352.269,682.337 2380.897,714.325 2408.043,752.478 2411.774,764.834 2406.694,776.555 2388.596,791.663 2383.331,800.182 2381.611,809.258 2383.728,823.016 2393.015,850.294 2431.591,937.051 2444.635,971.950 2452.519,999.228 2455.536,1021.506 2455.271,1037.170 2448.075,1068.443 2430.136,1110.195 2406.905,1150.147 2392.195,1170.890 2380.024,1183.617 2361.318,1193.618 2339.860,1198.380 2262.575,1204.492 2237.572,1210.816 2221.353,1219.441 2225.454,1218.303 2245.218,1216.716 2261.437,1222.616 2269.322,1229.945 2276.386,1241.931 2281.361,1259.023 2288.716,1267.357 2297.130,1267.675 2327.954,1262.013 2353.433,1262.357 2365.392,1266.669 2372.721,1272.173 2378.092,1280.957 2378.013,1285.402 2375.420,1289.053 2370.975,1290.561 1779.129,1290.085 1779.129,1290.085
2581.398,985.814 2561.396,981.634 2540.652,972.664 2518.507,957.054 2499.245,937.713 2476.305,907.524 2466.437,887.019 2464.479,875.721 2465.722,865.429 2470.088,855.348 2487.101,830.265 2518.586,790.737 2546.896,758.722 2561.131,745.890 2614.233,710.039 2670.457,683.448 2705.593,673.447 2718.664,671.859 2733.057,672.759 2751.446,678.183 2760.071,684.057 2770.496,698.688 2776.634,722.077 2785.127,737.000 2788.673,734.619 2789.625,730.835 2791.186,694.878 2796.795,680.511 2817.459,668.684 2828.704,666.912 2842.119,667.811 2871.778,671.145 2912.789,678.580 2950.201,687.496 2972.796,700.382 3015.447,737.635 3153.269,974.675 3154.009,980.046 3151.072,984.465 3145.278,985.735 3118.185,962.028 3091.435,948.799 3061.723,939.247 2960.070,913.980 2916.810,897.152 2866.672,869.080 2830.900,844.130 2821.243,834.896 2807.537,829.022 2800.367,822.434 2794.758,821.958 2780.603,832.144 2718.637,909.455 2700.117,929.643 2681.887,946.523 2664.583,960.652 2645.559,972.214 2628.229,980.125 2604.575,985.470 2581.451,985.840 2581.398,985.814 2581.398,985.814
-2936.703,1605.256 -2942.445,1602.320 -2943.992,1597.716 -2944.002,1460.688 -2942.046,1455.767 -2936.589,1453.253 -2041.542,1453.386 -2036.888,1456.270 -2035.372,1460.424 -2035.322,1597.928 -2038.381,1603.854 -2042.603,1605.309 -2936.590,1605.309 -2936.703,1605.256 -2936.703,1605.256
-2020.013,1596.261 -2020.608,1595.970 -2024.844,1593.324 -2026.381,1588.720 -2026.262,1459.789 -2023.355,1455.132 -2019.217,1453.624 -1124.065,1453.253 -1119.318,1456.111 -1117.712,1460.609 -1117.712,1589.038 -1120.699,1594.673 -1125.137,1596.340 -2020.013,1596.261 -2020.013,1596.261
-1101.390,2265.789 -1107.333,2262.773 -1108.772,2258.566 -1108.761,1464.842 -1106.044,1456.402 -1098.995,1453.253 -1062.642,1453.279 -1056.776,1454.840 -1052.259,1458.254 -1049.378,1471.006 -976.348,1471.297 -971.302,1473.123 -968.442,1478.018 -968.532,2259.888 -968.865,2259.624 -970.180,2263.301 -974.472,2265.735 -1101.279,2265.841 -1101.390,2265.788 -1101.390,2265.789
-946.075,1571.760 -946.725,1571.522 -954.832,1567.844 -959.502,1549.509 -959.100,1460.080 -953.829,1454.497 -949.665,1453.253 -817.368,1455.397 -813.841,1457.937 -811.124,1465.424 -810.965,1532.258 -802.001,1534.216 -798.469,1537.417 -796.953,1543.450 -796.863,1560.436 -799.839,1569.141 -807.221,1572.078 -946.074,1571.760 -946.075,1571.760
-777.823,1601.817 -778.429,1601.552 -785.144,1597.769 -787.922,1591.630 -786.629,1463.969 -782.136,1455.423 -775.016,1453.386 -644.156,1453.253 -623.352,1453.359 -617.708,1456.058 -614.605,1463.863 -613.462,1592.504 -617.110,1599.727 -626.069,1601.843 -777.823,1601.817 -777.823,1601.817
-506.946,1525.617 -599.775,1525.114 -603.323,1522.177 -604.521,1518.129 -603.587,1456.931 -599.243,1453.227 -593.266,1453.862 -546.911,1490.136 -521.106,1504.477 -503.104,1511.594 -499.955,1515.298 -499.654,1519.796 -502.376,1524.003 -506.853,1525.617 -506.946,1525.617 -506.946,1525.617
-483.464,1472.806 -488.814,1470.345 -490.756,1465.054 -488.351,1458.281 -480.540,1454.365 -349.984,1453.253 -343.669,1456.878 -342.359,1465.265 -344.306,1470.345 -349.775,1472.833 -483.358,1472.833 -483.464,1472.807 -483.464,1472.806
-296.501,1937.203 -303.267,1936.012 -306.180,1930.959 -333.453,1813.457 -330.982,1806.208 -302.695,1795.942 -280.626,1784.379 -247.024,1770.277 -170.771,1745.036 -130.158,1727.600 -99.334,1709.105 -67.399,1669.101 -29.828,1635.207 4.674,1607.029 13.802,1597.319 -16.043,1597.081 -56.577,1599.700 -79.014,1597.584 -103.779,1587.397 -126.930,1575.253 -174.978,1559.272 -200.510,1547.048 -203.818,1541.915 -202.548,1536.386 -198.235,1533.422 147.575,1453.253 192.316,1459.286 246.503,1472.251 279.735,1483.680 315.797,1499.423 358.501,1522.945 400.120,1552.737 434.886,1586.312 467.774,1626.926 484.602,1652.591 497.037,1675.292 519.553,1727.388 532.729,1777.897 535.455,1797.609 535.111,1826.951 532.888,1841.503 525.797,1858.489 432.241,1932.387 423.774,1935.986 415.572,1937.203 405.280,1935.589 393.664,1929.001 381.467,1918.417 346.674,1880.847 311.591,1848.514 253.462,1808.086 187.051,1767.605 178.346,1779.961 168.266,1786.681 157.471,1790.862 134.611,1790.677 98.575,1775.040 60.501,1747.496 51.902,1765.859 43.091,1780.120 31.053,1788.507 5.785,1800.122 -35.146,1830.734 -81.527,1855.526 -127.353,1875.184 -233.557,1912.861 -296.369,1937.229 -296.501,1937.203 -296.501,1937.203
911.322,2149.557 910.184,2149.240 875.735,2139.291 823.136,2121.406 777.733,2102.832 734.739,2081.268 707.910,2065.340 680.843,2046.238 656.025,2025.309 635.943,2005.148 612.554,1977.049 591.546,1944.188 568.766,1896.880 559.293,1870.396 548.393,1821.024 544.980,1788.719 544.397,1760.408 548.710,1716.699 555.986,1688.733 565.935,1663.624 585.699,1634.387 595.303,1625.206 608.427,1617.348 737.199,1556.467 783.925,1538.582 894.124,1502.016 925.741,1494.819 944.738,1494.343 952.385,1495.349 959.343,1498.603 966.487,1505.588 972.176,1521.093 962.333,1613.220 1040.518,1549.588 1072.373,1531.411 1113.754,1512.996 1183.207,1488.496 1233.531,1473.097 1287.136,1459.471 1315.367,1453.253 1321.637,1453.862 1325.659,1460.265 1325.156,1734.638 1292.692,1756.783 1237.394,1788.110 1198.236,1812.954 1185.245,1824.490 1199.770,1824.437 1233.425,1820.230 1317.060,1807.769 1323.146,1809.674 1325.659,1815.494 1324.998,1920.058 1320.420,1924.053 1286.580,1930.138 1192.044,1937.441 1167.306,1943.341 1156.908,1943.103 1066.129,1980.251 1067.214,1980.092 1072.638,1981.547 1109.865,2000.332 1120.739,2011.709 1132.460,2030.416 1169.264,2052.085 1190.113,2059.149 1210.036,2071.664 1231.097,2081.745 1263.429,2106.959 1286.024,2131.592 1291.157,2139.027 1290.866,2145.853 1284.464,2149.716 911.322,2149.557 911.322,2149.557
1342.063,2120.268 1341.190,2120.003 1337.777,2118.892 1334.576,2112.860 1334.708,1877.248 1351.509,1846.001 1363.309,1830.655 1377.888,1817.399 1379.608,1812.875 1382.809,1780.173 1388.286,1753.026 1398.393,1716.990 1420.936,1656.877 1444.378,1608.696 1461.840,1581.232 1489.912,1546.149 1514.281,1523.209 1537.458,1506.223 1564.578,1489.396 1601.117,1472.330 1647.392,1458.757 1686.048,1453.518 1717.507,1453.253 1750.739,1457.434 1791.379,1467.885 1791.776,1468.123 1825.113,1482.781 1852.392,1499.079 1880.834,1521.198 1904.726,1545.487 1924.014,1570.702 1947.721,1610.628 1971.322,1662.327 1984.181,1696.194 1998.812,1749.269 2009.819,1800.572 2021.328,1876.454 2025.191,1930.720 2026.170,2008.667 2023.048,2018.747 2017.915,2028.061 2007.411,2033.749 1995.081,2034.569 1978.307,2030.389 1905.758,2004.592 1938.408,2081.268 1948.171,2110.531 1947.430,2116.458 1941.133,2120.268 1567.382,2120.242 1563.070,2118.840 1560.265,2115.030 1554.180,2081.110 1550.264,1984.511 1533.595,2002.185 1494.675,2029.358 1470.862,2083.465 1464.433,2104.208 1455.146,2118.972 1451.019,2120.269 1342.063,2120.269 1342.063,2120.268
2295.595,1916.116 2295.039,1915.851 2290.145,1912.279 2289.536,1906.723 2297.024,1886.614 2295.092,1888.519 2280.302,1913.972 2276.175,1916.116 2042.442,1916.195 2037.468,1914.184 2035.113,1908.072 2035.827,1856.478 2061.201,1816.314 2090.570,1748.846 2105.201,1723.842 2116.022,1710.587 2127.347,1700.268 2157.932,1681.483 2152.641,1660.925 2154.546,1635.286 2166.187,1604.701 2183.994,1574.088 2205.584,1543.714 2221.909,1524.400 2239.133,1505.641 2258.897,1488.866 2280.593,1475.187 2302.342,1465.371 2325.017,1458.386 2341.606,1455.158 2364.440,1453.253 2391.136,1454.126 2415.822,1458.280 2444.688,1468.784 2466.913,1481.114 2482.365,1491.247 2514.273,1517.494 2582.933,1582.052 2622.329,1622.401 2667.123,1673.095 2688.184,1701.935 2710.753,1742.019 2722.765,1774.616 2726.178,1792.475 2724.061,1872.062 2720.675,1910.718 2718.690,1913.840 2712.261,1916.247 2295.595,1916.115 2295.595,1916.116
