26
821 90 0,0
802 90 840.71,0
713 0 1069.1,748.47
737 0 0,941.72
173 0 1700.94,0
613 90 840.72,819.09
288 0 1326.68,617.85
935 90 1817.8,675.425
919 90 1843.74,613.965
545 90 982.285,610.217
576 0 1171.49,1149.28
169 0 1394.89,1143.25
342 90 1720.64,613.935
172 0 840.72,1092.05
591 0 1600.08,1150.28
843 90 843.858,71.78
760 90 843.858,215.415
566 90 840.823,358.773
945 90 841.09,502.42
960 90 1060.22,796.748
662 90 841.09,644.08
14 0 1098.87,826.58
488 90 1963.01,572.668
782 0 1274.31,744.64
883 0 1476.33,576.08
31 90 1952.49,1109.4
