137
251 90 0,0
252 0 840.91,0
50 0 126.91,278.9
186 90 205.83,0
150 0 0,248.94
209 90 0,56.45
126 90 17.63,0.25
223 0 1212.53,344.1
98 0 0,490.81
258 0 523.58,525.24
136 0 0,569.49
189 0 0,577.09
138 0 566.987,569.88
102 90 0,524.7
46 0 0,494.64
149 90 0,388.14
205 90 0,582.88
83 0 0,484
49 0 0,404.31
9 0 0,471.07
130 0 0,460.88
127 0 0,481.89
245 0 0,434.52
44 90 0,432
154 0 0,347.17
206 0 0,497.57
250 90 0,400.63
95 0 0,188.14
104 0 0,440.6
246 0 0,333.95
28 0 0,188.13
25 90 0,329.14
105 0 0,426.82
86 0 0,385.46
248 0 0,378.96
152 90 0,192.46
237 90 0,558.24
264 0 0,340.21
119 0 0,223.81
176 0 0,196.84
179 0 0,256.56
92 90 0,482.02
241 0 0,355.52
27 180 0,322
23 0 0,329.14
134 0 0,359.64
135 90 0,360
121 0 0,140.78
228 90 0,444.25
171 0 0,318.53
160 0 0,260.45
170 0 0,332.09
238 0 0,346.64
172 0 0,300.99
72 0 0,188.17
96 0 0,188.13
62 0 0,268.06
13 0 0,259.82
173 0 0,277.02
108 0 0,200.38
174 0 0,248.45
3 0 0,314.7
79 0 0,188.17
74 0 0,188.42
10 0 0,257.57
181 0 0,185.85
84 0 0,378.38
185 0 0,226.13
229 0 0,300.42
31 0 0,106.67
34 0 0,106.81
35 0 0,106.78
32 0 0,106.75
30 0 0,105.17
184 0 0,139.25
197 0 0,251.24
131 0 0,237.38
151 0 0,192.45
93 90 0,355.27
78 0 0,188.17
80 0 0,188.1
214 0 0,130.03
259 0 0,321.64
56 90 0,562.17
14 0 0,162.35
207 0 0,280.63
20 0 0,307.06
69 0 0,188.45
21 0 0,174.59
116 0 0,265.32
64 0 0,188.1
54 90 0,315.5
15 90 0,259.85
156 0 0,131
224 90 0,477.52
70 90 0,499.74
202 90 0,353.07
68 90 0,225.5
167 0 0,114.82
132 0 0,159.77
168 90 0,372.64
67 90 0,504.49
212 0 0,91.63
52 0 0,238.14
112 90 0,380.13
42 0 0,187.34
22 90 0,220.07
232 0 0,118.06
163 0 0,112.39
115 90 0,222.07
124 0 0,146.28
53 90 0,165.81
242 90 0,287.96
231 0 0,107.06
43 0 0,135.24
164 0 0,111.88
106 0 0,160.96
157 90 0,268.46
133 90 0,256.35
117 0 0,134.32
204 0 0,51.13
265 0 0,51.17
145 0 0,50.1
85 0 0,84.21
60 0 0,89.89
58 0 0,121.89
234 0 0,70.38
144 90 0,111.6
233 0 0,59.34
59 0 0,60.34
180 0 0,98.1
158 0 0,33.56
256 0 0,28.35
125 0 0,70.34
203 0 0,51.06
61 90 0,106.07
165 0 0,153.35
